  280.28  291.07  288.22
  282.76  287.90  291.48
  283.96  285.31  291.11
  284.10  291.65  289.81
  284.70  295.02  293.14
  284.72  286.90  290.32
  284.85  286.50  288.66
  284.87  286.34  291.78
  285.15  293.15  290.52
  285.29  286.16  288.16
  285.31  284.70  292.77
  285.34  293.28  290.49
  285.48  288.80  289.11
  285.59  288.63  293.07
  285.69  290.74  291.18
  285.99  290.98  289.67
  286.16  287.81  291.14
  286.31  289.26  286.50
  286.31  290.84  289.77
  286.34  292.04  290.82
  286.48  288.72  289.66
  286.50  280.28  291.30
  286.51  296.19  288.92
  286.54  289.95  291.22
  286.55  288.31  290.42
  286.65  293.94  289.52
  286.73  292.74  292.91
  286.88  293.05  293.64
  286.90  290.72  287.38
  286.93  287.10  289.10
  286.95  287.63  286.90
  286.99  291.17  292.23
  287.10  292.38  292.60
  287.24  287.90  290.65
  287.25  290.01  293.65
  287.29  289.08  291.04
  287.32  288.76  292.34
  287.40  289.43  289.82
  287.47  290.75  291.44
  287.50  291.65  291.88
  287.62  288.12  290.42
  287.63  288.23  287.62
  287.64  292.46  293.03
  287.65  286.93  290.90
  287.66  290.88  290.35
  287.67  283.96  293.08
  287.75  291.20  288.14
  287.81  289.04  288.23
  287.87  291.50  290.61
  287.90  287.47  287.54
  287.90  288.46  291.73
  287.91  285.34  288.50
  288.05  287.67  289.11
  288.07  290.69  292.36
  288.11  289.75  288.52
  288.11  291.56  292.08
  288.12  288.35  292.29
  288.21  288.37  287.83
  288.23  292.66  287.74
  288.28  294.00  293.32
  288.30  291.88  292.31
  288.31  288.69  287.82
  288.35  286.31  291.75
  288.37  289.85  289.15
  288.45  290.66  293.54
  288.46  285.59  285.71
  288.52  290.25  285.77
  288.63  289.45  292.28
  288.69  289.04  287.37
  288.72  290.15  290.76
  288.76  289.02  288.37
  288.80  288.97  289.64
  288.80  286.48  289.93
  288.83  291.15  291.28
  288.88  286.73  290.34
  288.97  287.25  291.06
  289.02  287.32  290.34
  289.04  291.24  290.16
  289.04  285.48  288.15
  289.08  288.28  290.38
  289.26  292.19  290.57
  289.27  287.64  287.62
  289.28  285.69  291.20
  289.40  289.92  290.38
  289.43  295.49  285.51
  289.45  290.68  290.50
  289.56  288.07  294.51
  289.57  286.51  288.31
  289.61  291.06  287.50
  289.67  292.66  287.37
  289.69  287.66  287.31
  289.69  289.82  290.95
  289.70  295.76  292.40
  289.75  289.28  290.21
  289.81  294.01  290.94
  289.82  289.70  290.47
  289.85  291.76  292.16
  289.85  290.17  287.47
  289.87  297.73  287.27
  289.91  289.69  286.19
  289.92  289.69  292.63
  289.95  288.80  290.31
  290.01  292.13  290.11
  290.15  288.21  287.54
  290.17  292.95  284.35
  290.25  296.00  287.43
  290.34  288.11  291.57
  290.63  284.72  289.19
  290.66  291.77  288.50
  290.68  291.16  290.90
  290.69  287.65  289.23
  290.72  292.56  290.49
  290.74  284.85  291.45
  290.75  289.91  291.42
  290.84  287.87  288.44
  290.88  284.10  291.16
  290.97  288.52  287.26
  290.98  292.04  288.65
  291.06  286.55  289.88
  291.06  289.57  289.53
  291.07  295.75  291.71
  291.15  292.24  289.79
  291.16  291.20  289.91
  291.17  290.63  290.04
  291.20  291.99  289.27
  291.20  289.81  296.01
  291.24  294.13  291.16
  291.27  284.87  292.14
  291.50  289.40  287.09
  291.54  285.99  290.43
  291.56  291.82  288.82
  291.56  291.63  289.75
  291.62  292.16  289.19
  291.63  287.29  290.88
  291.65  285.29  287.51
  291.65  288.30  290.18
  291.76  286.99  284.83
  291.77  289.85  290.29
  291.82  287.75  288.59
  291.88  292.84  290.08
  291.99  287.50  288.30
  292.04  290.34  290.00
  292.04  288.05  290.25
  292.13  286.54  289.69
  292.16  291.54  292.58
  292.19  289.56  289.87
  292.24  286.88  286.66
  292.38  292.76  286.87
  292.46  288.88  288.98
  292.50  291.56  287.20
  292.56  289.67  291.50
  292.66  294.64  290.26
  292.66  291.62  288.08
  292.74  288.45  290.04
  292.76  288.11  292.08
  292.79  289.61  290.77
  292.84  292.50  291.83
  292.95  286.65  290.00
  293.05  285.15  291.55
  293.15  286.31  286.94
  293.21  291.06  289.11
  293.28  288.83  287.15
  293.75  295.25  287.63
  293.80  296.27  289.78
  293.94  287.40  288.36
  294.00  291.27  290.32
  294.01  287.91  288.12
  294.13  292.79  295.86
  294.37  290.97  289.23
  294.64  294.37  289.46
  295.02  293.80  287.67
  295.25  295.67  288.39
  295.49  286.95  290.71
  295.67  287.24  288.04
  295.75  287.62  285.47
  295.76  293.21  289.64
  296.00  282.76  292.10
  296.19  293.75  288.52
  296.27  289.27  291.81
  297.73  289.87  293.90