  4602.468
  4791.745
  4542.551
  4717.100
  4856.609
  4722.453
  4632.951
  4509.172
  4815.583
  4632.791
  4700.069
  4554.655
  4532.802
  4576.211
  4495.583
  4458.856
  4543.967
  4796.880
  4691.253
  4691.245
  4648.998
  4648.747
  4678.664
  4615.600
  4653.079
  4738.061
  4726.689
  4565.010
  4795.292
  4638.708
  4638.990
  4725.680
  4571.643
  4721.963
  4528.329
  4577.082
  4893.293
  4582.609
  4502.372
  4609.204
  4552.739
  4702.859
  4659.475
  4559.764
  4585.215
  4699.244
  4760.860
  4657.332
  4536.950
  4557.842
  4679.016
  4555.363
  4482.576
  4752.435
  4620.225
  4592.552
  4640.401
  4808.056
  4675.600
  4583.621
  4775.317
  4649.821
  4659.312
  4734.921
  4789.693
  4623.934
  4641.896
  4768.721
  4468.695
  4678.313
  4627.010
  4432.194
  4658.831
  4654.963
  4647.659
  4560.442
  4608.550
  4613.614
  4414.558
  4769.948
  4693.950
  4477.231
  4752.226
  4613.914
  4840.435
  4896.149
  4642.605
  4465.214
  4653.115
  4783.518
  4558.077
  4652.878
  4513.081
  4575.663
  4638.821
  4896.542
  4623.549
  4599.376
  4676.460
  4546.706
  4697.818
  4604.031
  4623.993
  4651.015
  4844.449
  4813.694
  4693.319
  4643.056
  4489.190
  4757.672
  4586.247
  4705.914
  4590.129
  4729.627
  4604.099
  4648.043
  4879.060
  4685.762
  4716.085
  4669.972
  4655.805
  4598.519
  4754.546
  4527.640
  4614.643
  4793.935
  4692.738
  4675.374
  4727.301
  4628.966
  4591.997
  4542.296
  4801.927
  4458.377
  4535.737
  4721.247
  4761.527
  4615.163
  4612.002
  4535.733
  4721.933
  4693.661
  4711.977
  4533.813
  4601.683
  4695.868
  4791.004
  4766.538
  4515.248
  4616.438
  4625.188
  4742.169
  4568.572
  4824.847
  4529.515
  4647.296
  4489.494
  4673.959
  4554.302
  4850.055
  4831.146
  4713.979
  4473.495
  4683.066
  4675.732
  4716.886
  4721.825
  4662.537
  4434.891
  4815.412
  4639.349
  4296.156
  4764.050
  4782.581
  4752.615
  4701.141
  4842.563
  4599.001
  4635.578
  4669.166
  4549.650
  4516.229
  4508.940
  4665.598
  4732.534
  4810.387
  4491.215
  4556.253
  4668.968
  4697.492
  4548.199
  4654.652
  4702.078
  4777.726
  4625.261
  4654.807
  4722.263
  4512.155
  4621.200
  4820.752
  4534.697
  4665.792
  4630.415
  4959.146
  4589.355
  4577.131
  4644.465
  4711.988
  4615.494
  4636.026
  4756.270
  4598.423
  4568.714
  4684.779
  4852.838
  4542.202
  4634.220
  4470.290
  4588.995
  4790.461
  4602.387
  4601.675
  4669.119
  4661.535
  4683.533
  4773.331
  4797.577
  4594.993
  4679.851
  4648.522
  4815.652
  4616.400
  4590.384
  4571.636
  4592.541
  4669.987
  4725.776
  4614.979
  4641.905
  4596.584
  4508.233
  4638.097
  4747.783
  4649.411
  4652.675
  4667.755
  4686.593
  4695.855
  4681.914
  4626.470
  4679.309
  4784.918
  4659.818
  4623.754
  4864.104
  4664.659
  4624.400
  4687.547
  4625.140
  4522.804
  4469.274
  4662.115
  4635.632
  4669.366
  4568.742
  4674.912
  4586.826
  4701.758
  4590.756
  4710.383
  4660.894
  4526.185
  4577.866
  4603.144
  4580.702
  4643.769
  4857.088
  4866.925
  4600.019
  4750.106
  4505.899
  4746.124
  4878.544
  4577.393
  4498.074
  4630.658
  4805.535
  4611.132
  4465.210
  4705.997
  4791.580
  4708.676
  4727.836
  4651.376
  4555.096
  4474.931
  4730.254
  4676.336
  4774.136
  4840.335
  4490.619
  4515.990
  4551.743
  4621.069
  4666.904
  4709.531
  4539.054
  4605.816
  4669.231
  4747.940
  4685.903
  4734.393
  4788.526
  4699.956
  4576.049
  4431.908
  4687.766
  4642.111
  4723.000
  4630.115
  4657.552
  4597.139
  4881.550
  4655.395
  4599.339
  4678.471
  4713.456
  4791.563
  4605.408
  4748.150
  4761.684
  4684.419
  4668.339
  4721.498
  4585.242
  4455.676
  4696.389
  4656.265
  4619.450
  4678.483
  4679.136
  4633.995
  4375.341
  4524.727
  4561.346
  4665.700
  4713.369
  4456.502
  4696.849
  4475.264
  4638.484
  4675.065
  4546.572
  4757.521
  4711.973
  4666.605
  4769.599
  4922.091
  4597.328
  4721.124
  4631.522
  4741.679
  4455.914
  4790.664
  4575.121
  4732.579
  4532.101
  4722.007
  4667.589
  4778.534
  4419.539
  4690.748
  4559.450
  4601.512
  4654.935
  4534.976
  4815.193
  4786.295
  4404.428
  4495.028
  4633.140
  4734.553
  4550.331
  4506.257
  4714.406
  4546.049
  4708.577
  4686.913
  4597.602
  4564.748
  4608.223
  4766.147
  4668.400
  4654.259
  4625.530
  4801.272
  4702.865
  4478.953
  4575.077
  4748.336
  4542.805
  4373.194
  4751.634
  4720.471
  4596.905
  4718.497
  4696.089
  4772.307
  4686.938
  4653.409
  4512.318
  4615.897
  4539.540
  4636.660
  4730.104
  4633.604
  4712.098
  4575.396
  4797.548
  4720.062
  4669.420
  4636.334
  4477.436
  4686.174
  4600.532
  4720.729
  4716.318
  4821.195
  4613.553
  4522.132
  4721.696
  4674.900
  4853.461
  4446.413
  4486.551
  4794.378
  4644.833
  4575.959
  4556.870
  4549.216
  4709.606
  4691.131
  4661.064
  4370.242
  4638.863
  4837.175
  4516.688
  4660.548
  4619.286
  4556.956
  4513.246
  4465.380
  4469.018
  4490.593
  4572.288
  4613.803
  4510.499
  4749.752
  4598.893
  4651.535
  4543.673
  4641.331
  4713.831
  4587.656
  4617.726
  4643.003
  4722.146
  4783.259
  4553.660
  4818.659
  4577.831
  4596.858
  4701.616
  4600.840
  4721.747
  4739.767
  4713.936
  4552.106
  4703.498
  4663.143
  4637.746
  4518.867
  4519.365
  4685.810
  4679.825
  4492.942
  4710.824
  4607.404
  4582.518
  4739.943
  4658.195
  4627.053
  4714.465
  4636.856
  4712.331
  4578.042
  4644.321
  4566.520
  4505.461
  4732.539
  4354.787
  4583.620
  4572.977
  4705.531
  4614.362
  4617.060
  4668.650
  4660.463
  4628.268
  4639.221
  4652.480
  4703.240
  4683.386
  4737.847
  4642.303
  4506.870
  4548.386
  4734.119
  4773.353
  4708.014
  4509.045
  4651.218
  4698.241
  4745.419
  4524.354
  4787.788
  4452.051
  4500.228
  4689.550
  4692.605
  4727.958
  5021.317
  4562.912
  4485.513
  4752.681
  4603.723
  4620.799
  4705.244
  4751.620
  4572.081
  4700.316
  4581.324
  4466.496
  4618.770
  4613.346
  4581.891
  4596.401
  4669.794
  4802.239
  4650.013
  4708.250
  4803.310
  4636.948
  4802.544
  4860.246
  4560.828
  4825.598
  4548.766
  4700.294
  4672.180
  4665.017
  4652.724
  4727.743
  4665.361
  4512.263
  4684.745
  4740.564
  4654.748
  4638.353
  4758.840
  4457.887
  4679.249
  4707.135
  4524.379
  4673.670
  4633.786
  4623.833
  4633.937
  4467.973
  4707.070
  4654.581
  4753.290
  4479.125
  4472.430
  4804.148
  4639.817
  4463.748
  4615.192
  4682.326
  4629.243
  4504.461
  4809.974
  4627.257
  4421.461
  4477.873
  4674.823
  4462.782
  4501.387
  4829.485
  4748.766
  4521.562
  4572.103
  4578.153
  4715.439
  4595.230
  4628.273
  4607.862
  4838.433
  4521.723
  4561.180
  4553.509
  4577.321
  4584.732
  4785.467
  4618.444
  4796.170
  4540.546
  4564.876
  4746.803
  4584.301
  4633.827
  4568.378
  4599.972
  4766.435
  4745.722
  4721.922
  4698.842
  4597.440
  4545.486
  4824.203
  4456.231
  4623.589
  4754.589
  4618.953
  4778.103
  4540.253
  4659.589
  4532.470
  4532.566
  4467.639
  4630.215
  4489.764
  4634.396
  4691.618
  4613.927
  4633.403
  4616.359
  4455.805
  4664.329
  4599.842
  4616.100
  4552.575
  4613.744
  4721.646
  4674.949
  4715.299
  4725.586
  4755.026
  4561.498
  4437.382
  4656.009
  4652.783
  4779.960
  4664.958
  4759.305
  4738.884
  4611.266
  4515.916
  4816.410
  4749.111
  4810.803
  4686.489
  4720.789
  4653.879
  4653.761
  4688.060
  4611.928
  4539.994
  4692.308
  4612.551
  4770.030
  4840.174
  4564.268
  4586.983
  4491.994
  4763.047
  4657.182
  4717.211
  4755.931
  4493.538
  4575.781
  4563.137
  4709.828
  4571.884
  4693.466
  4673.525
  4654.753
  4715.743
  4650.785
  4452.330
  4609.799
  4693.892
  4626.427
  4813.178
  4625.166
  4564.845
  4908.860
  4515.670
  4432.845
  4596.906
  4536.932
  4689.403
  4633.510
  4520.746
  4527.433
  4979.996
  4455.842
  4515.029
  4576.042
  4638.348
  4708.161
  4637.615
  4757.305
  4446.116
  4691.815
  4657.879
  4628.455
  4521.197
  4712.811
  4684.061
  4650.661
  4489.472
  4690.270
  4599.959
  4640.674
  4674.626
  4784.807
  4595.135
  4328.910
  4500.540
  4685.584
  4710.637
  4722.171
  4767.032
  4572.427
  4561.859
  4694.116
  4381.213
  4445.378
  4625.555
  4747.907
  4562.319
  4664.348
  4652.258
  4619.451
  4576.410
  4714.595
  4457.673
  4749.673
  4475.118
  4409.059
  4612.194
  4546.044
  4773.304
  4784.896
  4570.775
  4572.621
  4446.063
  4859.957
  4639.279
  4784.260
  4518.002
  4860.555
  4646.489
  4447.955
  4623.471
  4569.616
  4654.664
  4705.873
  4697.850
  4717.272
  4694.849
  4683.898
  4635.306
  4699.836
  4635.789
  4559.634
  4615.037
  4620.727
  4714.994
  4619.399
  4675.058
  4609.862
  4466.160
  4533.811
  4602.724
  4521.096
  4679.353
  4705.753
  4753.693
  4521.844
  4576.656
  4602.585
  4718.332
  4913.741
  4445.723
  4711.467
  4826.733
  4560.557
  4505.215
  4528.228
  4880.322
  4697.262
  4877.484
  4746.451
  4577.903
  4576.320
  4677.459
  4530.385
  4575.354
  4664.173
  4609.308
  4635.235
  4581.767
  4637.541
  4582.452
  4616.792
  4624.447
  4652.377
  4734.672
  4552.833
  4598.902
  4731.499
  4572.872
  4564.995
  4710.719
  4645.541
  4356.515
  4777.868
  4595.642
  4547.177
  4493.059
  4771.025
  4598.079
  4521.215
  4523.946
  4700.785
  4823.224
  4689.867
  4689.389
  4554.269
  4547.205
  4703.920
  4681.034
  4449.317
  4547.551
  4735.384
  4549.646
  4689.233
  4692.025
  4645.150
  4605.336
  4683.671
  4698.892
  4706.313
  4525.350
  4579.118
  4667.355
  4564.908
  4686.689
  4588.120
  4654.920
  4646.982
  4719.159
  4485.736
  4549.039
  4767.365
  4676.132
  4506.405
  4620.203
  4833.672
  4778.914
  4737.331
  4719.812
  4490.257
  4780.207
  4686.568
  4570.902
  4657.974
  4555.685
  4634.140
  4718.876
  4680.164
  4670.396
  4764.601
  4570.641
  4669.015
  4894.833
  4603.256
  4834.806
  4677.484
  4623.065
  4725.320
  4677.164
  4717.960
  4631.991
  4568.135
  4768.784
  4623.701
  4639.276
  4626.592
  4546.270
  4582.912
  4599.402
  4599.644
  4551.046
  4785.199
  4604.440
  4658.748
  4570.441
  4637.587
  4876.679
  4553.093
  4666.525
  4772.156
  4740.152
  4956.528
  4668.695
  4488.849
  4612.323
  4699.105
  4509.941
  4693.419
  4545.755
  4534.587
  4621.074
  4710.366
  4621.896
  4702.869
  4610.612
  4682.635
  4745.088
  4703.741
  4681.721
  4560.896
  4495.531
  4674.533
  4548.934
  4744.678
  4544.726
  4800.841
  4612.606
  4689.909
  4652.582
  4515.509
  4613.523
  4681.281
  4853.834
  4699.151
  4529.650
  4696.589
  4542.171
  4572.111
  4583.830
  4619.367
  4744.249
  4600.543
  4589.047
  4874.371
  4648.410
  4506.342
  4719.593
  4481.876
  4503.335
  4763.931
  4610.636
  4541.845
  4586.831
  4732.184
  4573.902
  4589.998
  4747.358
  4493.253
  4651.646
  4500.841
  4640.448
  4487.382
  4617.075
  4746.426
  4637.060
  4516.116
  4707.333
  4774.945
  4770.425
  4641.857
  4717.029
  4714.177
  4507.748
  4690.986
  4724.351
  4721.426
  4571.541
  4670.006
  4848.716
  4585.875
  4657.282
  4707.529
  4633.934
  4605.658
  4682.573
  4735.321
  4680.946
  4640.173
  4631.032
  4651.254
  4535.822
  4751.120
  4663.794
  4799.381
  4741.497
  4703.593
  4659.908
  4535.967
  4753.509
  4635.871
  4952.603
  4744.697
  4636.778
  4571.149
  4857.056
  4560.514
  4813.199
  4523.426
  4741.286
  4825.920
  4510.383
  4726.730
  4593.649
  4524.240
  4677.896
  4475.904
  4701.594
  4757.406
  4777.256
  4703.642
  4580.029
  4619.494
  4688.016
  4849.970
  4863.296
  4484.452
  4510.413
  4861.664
  4663.815
  4791.928
  4684.991
  4650.920
  4575.973
  4724.554
  4667.590
  4914.176
  4487.498
  4602.539
  4717.831
  4647.615
  4549.487
  4570.375
  4703.620
  4833.030
  4606.171
  4662.220
  4466.826
  4758.742
  4698.758
  4617.204
  4573.685
  4568.252
  4829.321
  4711.897
  4616.982
  4637.830
  4759.727
  4676.371
  4546.453
  4724.036
  4622.570
  4503.500
  4687.257
  4624.231
  4773.855
  4680.195
  4646.061
  4645.214
  4622.862
  4490.227
  4775.446
  4683.079
  4651.303
  4757.609
  4473.351
  4601.549
  4514.848
  4595.309
  4741.879
  4623.946
  4749.333
  4813.761
  4608.391
  4564.283
  4497.642
  4593.435
  4625.926
  4688.734
  4759.567
  4632.971
  4929.299
  4754.664
  4670.675
  4562.952
  4622.194
  4721.371
  4733.745
  4724.694
  4745.285
  4682.047
  4757.172
  4718.452
  4594.361
  4626.287
  4634.680
  4483.152
  4858.733
  4540.753
  4681.643
  4504.910
  4872.125
  4715.707
  4611.446
  4666.157
  4667.409
  4838.707
  4577.051
  4623.025
  4700.438
  4526.113
  4720.902
  4556.619
  4781.588
  4431.764
  4704.824
  4720.238
  4753.431
  4729.562
  4672.403
  4848.554
  4590.986
  4757.483
  4537.733
  4325.919
  4656.655
  4726.026
  4503.734
  4351.047
  4495.943
  4703.713
  4628.723
  4772.139
  4546.706
  4576.839
  4575.955
  4736.739
  4673.672
  4493.614
  4644.325
  4457.782
  4537.683
  4574.467
  4668.080
  4797.535
  4897.158
  4634.555
  4597.323
  4588.000
  4702.346
  4682.041
  4576.640
  4726.351
  4620.570
  4460.395
  4585.301
  4536.266
  4623.863
  4641.377
  4567.103
  4684.477
  4827.902
  4811.516
  4651.858
  4610.288
  4565.396
  4536.246
  4674.073
  4667.633
  4759.469
  4684.289
  4594.784
  4719.171
  4502.644
  4632.874
  4559.124
  4653.796
  4550.769
  4596.497
  4637.810
  4667.524
  4621.066
  4886.079
  4624.747
  4681.071
  4871.090
  4677.853
  4616.595
  4600.837
  4672.764
  4625.081
  4524.126
  4677.969
  4428.022
  4456.905
  4600.147
  4667.663
  4459.265
  4607.358
  4635.460
  4342.002
  4663.853
  4681.621
  4721.021
  4543.182
  4635.073
  4698.659
  4633.706
  4759.048
  4682.079
  4618.589
  4505.070
  4563.386
  4600.727
  4458.346
  4702.023
  4672.334
  4600.147
  4632.581
  4591.133
  4705.906
  4576.211
  4688.898
  4742.704
  4696.655
  4775.581
  4750.635
  4550.747
  4415.477
  4713.765
  4642.011
  4551.603
  4698.563
  4589.004
  4599.296
  4735.890
  4709.055
  4776.587
  4460.859
  4511.612
  4579.063
  4552.393
  4738.836
  4667.700
  4630.202
  4552.466
  4623.299
  4598.921
  4521.781
  4544.585
  4645.374
  4514.328
  4732.179
  4725.286
  4571.000
  4637.657
  4501.163
  4674.116
  4773.986
  4577.630
  4796.360
  4600.648
  4548.208
  4683.596
  4666.593
  4643.602
  4653.462
  4745.180
  4779.127
  4698.820
  4659.417
  4660.081
  4678.993
  4758.162
  4554.274
  4607.208
  4632.701
  4647.180
  4691.256
  4585.103
  4553.393
  4567.257
  4687.141
  4535.628
  4578.638
  4727.268
  4529.176
  4510.663
  4664.474
  4600.334
  4674.294
  4646.221
  4340.210
  4665.151
  4653.929
  4806.228
  4724.299
  4611.811
  4839.032
  4519.202
  4678.842
  4504.616
  4520.298
  4748.867
  4786.223
  4423.290
  4578.273
  4707.478
  4451.586
  4464.378
  4523.805
  4728.574
  4718.790
  4527.833
  4568.078
  4656.265
  4741.067
  4766.195
  4389.088
  4762.128
  4602.350
  4760.276
  4697.499
  4520.837
  4656.765
  4693.070
  4483.212
  4663.277
  4637.299
  4540.798
  4479.077
  4728.067
  4802.429
  4596.590
  4470.438
  4655.834
  4383.869
  4975.950
  4394.481
  4896.326
  4655.219
  4603.877
  4651.308
  4923.927
  4672.138
  4625.753
  4841.707
  4637.944
  4703.339
  4664.502
  4651.894
  4631.186
  4642.084
  4756.070
  4638.771
  4611.315
  4601.021
  4798.770
  4692.692
  4940.233
  4614.884
  4564.228
  4778.942
  4626.945
  4637.441
  4694.236
  4642.930
  4858.756
  4628.232
  4571.261
  4724.931
  4643.937
  4536.232
  4667.943
  4427.283
  4831.051
  4636.696
  4685.972
  4683.874
  4726.897
  4693.776
  4548.762
  4632.382
  4468.261
  4729.138
  4575.196
  4692.241
  4636.309
  4712.227
  4564.312
  4558.875
  4651.744
  4705.597
  4690.751
  4661.345
  4627.131
  4714.801
  4780.658
  4587.042
  4796.129
  4617.543
  4682.444
  4688.050
  4615.650
  4381.187
