   1 13.52546  8.15371
   2 14.18127 19.06912
   3  9.83216 11.29350
   4 13.28682  9.71015
   5  8.26316 11.59119
   6  6.88924 16.93728
   7  9.08752 10.61080
   8 13.90481  4.90905
   9  5.23877 12.99968
  10 10.07804 12.54848
  11  9.56675 13.28208
  12 13.54986 16.76521
  13  8.61553 20.04980
  14 12.30191 12.08647
  15 10.45823 15.66132
  16 16.34245  8.69634
  17  9.48452 11.18451
  18  5.92713 14.89726
  19  7.49580  8.70960
  20  3.87423 13.35753
  21  7.68272 10.30875
  22 11.23041  9.21652
  23 17.90071 16.70941
  24  7.94843  8.16478
  25  8.85129 14.56890
  26 11.81473 13.62906
  27  5.33088  7.90954
  28  9.42000 13.20543
  29  5.20171  2.93695
  30  9.81389 12.18675
  31  8.57650 15.69425
  32  7.96312 20.84812
  33 10.63861 10.51397
  34 13.82074 17.48142
  35  6.48384  9.43998
  36 15.58250  4.65972
  37 13.48395  9.33089
  38 13.79183 10.71484
  39 11.60204  7.07971
  40  8.83923 15.42154
  41 20.05282  4.45270
  42 16.46155 17.38973
  43  7.12995  7.86901
  44 13.32415 14.03460
  45 12.68725  7.24041
  46  8.65435 10.64000
  47 11.33295 11.73238
  48  1.94161 15.87945
  49 11.59928  6.17909
  50  9.15148 17.66831
  51 12.34816  7.45773
  52 11.94898 13.86336
  53  7.07726  9.52778
  54 12.21459  8.78408
  55 12.86792 16.14824
  56  8.91321 20.49156
  57 14.38104 20.60360
  58  8.53754 16.21379
  59  4.49307 16.42592
  60  8.87749 15.45900
  61 14.49018 12.32482
  62  7.59971 15.54562
  63  5.53035 12.72378
  64 15.60932 14.61187
  65  9.78318 13.82159
  66  7.10340 18.86321
  67  3.52989  6.88215
  68  3.65171 12.50407
  69  4.83485 19.58142
  70 16.49343  6.86000
  71 11.70289 14.39401
  72  5.66339 13.68321
  73  9.16107  9.44782
  74 10.31569 16.10572
  75 15.33655  6.70149
  76 11.62971 15.77146
  77  4.88071 19.10983
  78  8.10736 15.34934
  79 11.49196 10.56995
  80  7.56300  7.72899
  81 12.86570 14.95163
  82 12.01825 11.63939
  83  9.90094 13.35826
  84  7.46153 11.88475
  85 14.06973  9.86133
  86  8.67808 14.22504
  87  4.95958 11.99502
  88 10.38910  7.97272
  89 10.45940 18.58769
  90  6.26450 11.45039
  91 12.78095  8.23145
  92  9.61326 10.54368
  93  9.74305 15.39613
  94  4.64797 16.08951
  95  8.10628 13.30019
  96  3.33480 14.98957
  97 14.73045 11.58336
  98 13.87163 10.39245
  99  8.35782  7.34855
 100  3.23480 16.88159
 101  5.53302 11.39223
 102 12.49784 11.81810
 103  6.11705  6.24760
 104 14.12286  8.86321
 105  9.54871  8.17768
 106  7.71698 15.55603
 107 13.26043 10.40520
 108  9.16060  9.30639
 109 14.52575 10.77366
 110 14.84609  8.34169
 111  7.90934 22.53196
 112 13.49671  8.56244
 113 12.03388 13.27775
 114 18.33051 11.58592
 115 12.15128 16.21143
 116  8.86727 11.82386
 117 11.31458  3.33055
 118  5.96958  7.43829
 119  8.06816 15.27904
 120 15.76354  8.49419
 121 10.61540 15.10438
 122  8.79178  8.08374
 123  7.42907 10.97680
 124  6.50043 18.11105
 125  6.79694  9.92367
 126 12.90635  4.17190
 127  9.11997 14.80924
 128  7.62326 11.44338
 129  8.55889 11.23622
 130  5.00733 17.86041
 131 10.62959 10.93112
 132  5.16337 11.95530
 133  3.24755 12.83447
 134 10.68285  3.56876
 135  8.79098 10.82395
 136 14.60317 14.33091
 137 12.39758 16.98543
 138 10.38316  6.75444
 139 12.45430 18.00734
 140  9.76848 15.42500
 141  5.26878 13.70566
 142 13.35135 14.13279
 143  7.18889  9.71469
 144 14.66726  7.93385
 145 12.59656 11.45795
 146 13.49584 17.48074
 147 12.49712 18.60830
 148  8.84753 17.87518
 149 10.60214 24.24416
 150  9.90201  9.34642
 151  7.49821  6.63804
 152  7.77014 13.99203
 153 10.47950 13.18632
 154  4.19191 13.09652
 155 15.16963  9.22690
 156 12.00436 13.56929
 157 13.47216 11.47770
 158 14.79303 13.54191
 159  6.11282 10.04757
 160 13.96373  8.69405
 161 11.42808 12.53471
 162  8.30640 13.80604
 163 13.73324  2.72475
 164 18.89812 13.02449
 165 14.12422 16.25290
 166 11.70760 11.92516
 167 17.25208 19.91289
 168  4.54413  8.98394
 169  8.77917  7.31183
 170  6.54727  6.91390
 171  6.43803  9.12217
 172  8.85561  4.83980
 173  7.28510  5.78541
 174 11.29061 16.00322
 175 17.13936 12.87579
 176  9.85062 13.18665
 177 12.92759 10.22190
 178 14.44363 13.59315
 179  7.37377  6.90735
 180  6.99307 13.90584
 181  5.33406  6.95157
 182  6.99745 11.89545
 183  4.19646  8.22360
 184 12.07633  7.56295
 185  5.98924  7.12206
 186 16.38907 13.69924
 187  8.36731  9.56015
 188  4.92652 17.42532
 189 10.30994 16.38298
 190  8.23573 14.39499
 191 11.67706  7.74170
 192 12.16478 17.03100
 193  8.15527 15.24350
 194 11.90830 10.51306
 195  3.34139 12.91837
 196  6.59849 14.74560
 197 12.52130  9.45374
 198  8.36743 14.58493
 199 11.14574 15.19518
 200  6.96106 13.08869
 201  4.48073 10.53493
 202 11.60667 11.90011
 203 13.34188 10.16817
 204  9.40459 12.54273
 205 11.87811  6.47842
 206  9.54799 14.29263
 207  9.24269  7.30068
 208 11.91451 13.15981
 209  2.10405 17.97209
 210 13.98341 13.88226
 211  8.05031 19.86427
 212 12.74713  8.65627
 213 11.67102  8.07859
 214 12.96657 16.78562
 215  7.27921 13.38993
 216  9.60629  8.12822
 217  4.37297 14.17731
 218 16.19109 10.41966
 219  5.25886 13.12301
 220  9.98947 14.28762
 221  9.68939 11.35485
 222  6.65811 12.39844
 223 12.92087 20.71004
 224 13.09164 17.99650
 225 10.76480 13.66106
 226  9.74101  8.09577
 227  7.30448 18.25783
 228  5.15283  8.86689
 229 10.24436 13.52036
 230  8.18615 11.02843
 231 15.71143 14.25842
 232  8.77017 17.96080
 233  7.23313 13.07172
 234  7.47179 15.51220
 235 10.92488 13.44139
 236 13.08322 19.40794
 237 16.80125 17.20882
 238 11.68519 17.73199
 239 17.94187 17.95120
 240 12.34904 11.67014
 241 12.41592 12.63974
 242 10.15308 11.13007
 243 19.94289 10.48119
 244  4.00967 14.99889
 245  6.41120 13.41966
 246  9.29328 15.81924
 247 12.57597  9.55986
 248  7.45932 10.58708
 249 12.72616  9.88013
 250 13.89056  8.97526
 251 11.42434 21.05983
 252  9.46262 19.60796
 253  8.79799 20.28418
 254  9.38839 20.49508
 255  9.13542  8.38888
 256  6.17252  5.68702
 257  8.90733 11.16112
 258 17.29327 15.86587
 259  5.90989  9.77250
 260 16.76124 14.34712
 261 12.15282 18.03063
 262  8.92348 12.34417
 263  6.96136 17.85394
 264 11.68357  6.82840
 265  7.38067  9.18646
 266 10.63746 21.67544
 267  8.87184 14.35095
 268 12.63419 14.72306
 269 14.86698 16.41034
 270 14.56000 16.52883
 271 16.05581 12.56430
 272 10.73512 13.12886
 273 10.24465  8.02973
 274  9.38502 10.15063
 275  6.11644  2.23944
 276  7.87536 19.95328
 277 15.65704 11.90238
 278 15.94709  4.77104
 279  9.31425 14.74436
 280 14.81075 18.05638
 281  7.19380 10.33122
 282  8.19771 15.18281
 283 15.74106  9.22421
 284 12.69562  7.93204
 285  7.12556 12.15674
 286  6.70219 11.90404
 287  8.55877 11.97369
 288 17.29039  5.49744
 289 10.92872 11.98929
 290 11.70684 14.09798
 291 11.41717  3.81341
 292 10.15349 15.37167
 293 10.08697 15.94256
 294  7.87810 12.36661
 295  4.56098 16.41805
 296 13.91970 14.88504
 297  9.21217  8.71475
 298 12.33215 14.01861
 299 15.30909 10.17483
 300  9.78957  6.47368
 301 13.55812 13.52389
 302  5.87219 12.02188
 303  4.41674 10.65776
 304  8.04584 17.99015
 305 13.23632  8.81386
 306 14.15557 14.94571
 307 12.12215  9.52441
 308 14.77141 11.24823
 309  5.02546 15.46978
 310 17.04359  8.68082
 311  7.67686 13.29651
 312  9.65976 13.09197
 313  6.09344 16.66212
 314 11.28560 18.29513
 315 12.32015 12.20754
 316  9.34238 11.07601
 317 14.56665 17.79129
 318  9.20637 11.14919
 319  8.05465 10.68247
 320 12.03757  6.93135
 321 16.24151 13.15727
 322 12.52989 12.93447
 323 13.86044 11.08145
 324 11.44818  7.99717
 325 15.83388 14.78402
 326  6.24735 12.27209
 327 14.92995 12.84390
 328 15.34600 14.50751
 329 19.98094  9.15368
 330  6.53830 10.10824
 331 19.84615  6.83295
 332 16.17442  9.73200
 333 12.69903  9.92410
 334 12.38221 17.67335
 335  8.78558 12.11887
 336 13.81049 13.76172
 337 11.20759 13.24158
 338 13.03662 12.10416
 339 12.43146 16.18369
 340 15.03175  9.58227
 341 17.22968 14.70863
 342 13.86197 12.26509
 343  9.33601 14.05826
 344  7.91316 17.20747
 345  6.21128 12.58128
 346 14.39722 14.46638
 347 13.65631  5.80007
 348 11.15192 10.67230
 349 13.54653 17.18914
 350 11.07268  5.51135
 351  9.04403 12.53105
 352  8.67079 10.48003
 353  8.73551 14.34862
 354  0.11069 14.90211
 355 11.12983 17.19366
 356  8.68423 11.01331
 357  6.75479 12.89527
 358  6.17571 11.62679
 359  4.84155 10.99755
 360  8.60810 14.65959
 361  9.55875 13.99538
 362  7.43262 17.67662
 363 15.22062 14.54020
 364 13.71194 10.74452
 365 13.99525 10.14354
 366  5.19500 12.43494
 367 11.16256 18.18202
 368 11.38054 16.38516
 369  5.93670  6.26684
 370 13.95868 15.80090
 371 13.39142  9.42800
 372 11.55853 13.22603
 373  6.93512 11.45857
 374  5.85670 12.98313
 375  8.52142  6.22304
 376  9.99987 16.01041
 377  4.41645 10.19975
 378  9.28756 13.21509
 379  8.69893  2.42432
 380  9.75629 15.05261
 381 11.26447  8.70522
 382  5.03834  6.74479
 383  8.67778  9.10007
 384  9.22086 21.23829
 385  5.82971 12.88775
 386  3.07073 13.21484
 387  9.75176 10.40854
 388  4.99072 19.39822
 389  3.01396 12.59985
 390 12.50316 11.74960
 391 14.74123 16.03277
 392  9.52399 11.07422
 393 10.27783  8.24806
 394 13.41594 15.76671
 395  4.69494 10.45942
 396 11.01050  8.24175
 397  8.38456  9.62559
 398 16.87880  8.38523
 399 10.40616 17.70116
 400  5.35381 10.36441
 401 10.21598 12.80962
 402 12.83977 10.65555
 403  5.06218  9.60442
 404  5.37580 10.91000
 405  4.52712 15.20126
 406  8.23229 11.31464
 407 11.10145 18.71417
 408  9.81502 12.09012
 409 10.64724 13.65218
 410  9.80259 14.15891
 411  5.84898  9.10543
 412  4.18143  5.77720
 413  9.66610 12.18547
 414 10.32999 15.01360
 415 11.35172 13.37195
 416 13.32807 18.37709
 417 11.24063 18.58259
 418 10.19451 15.29138
 419 10.95432 14.58933
 420 16.43117  8.84684
 421  8.29365  9.38478
 422 10.51543  8.39265
 423  6.95931 20.68350
 424 11.76233 15.55000
 425 16.87356 14.95688
 426  8.73172 23.83682
 427 11.59124 13.53403
 428  6.52090  9.38397
 429  7.88061 14.58837
 430  5.15756 10.63369
 431 16.64171 10.07485
 432 11.86813  6.33269
 433 10.04230 17.18617
 434 13.41284 18.02198
 435  4.20485 10.77944
 436 11.39600 11.95199
 437  9.02431 13.32696
 438  7.26092  8.12001
 439 12.08250 14.06426
 440 11.47263  7.75875
 441 12.16035  9.43246
 442 15.66893 17.79640
 443  9.64493  4.50854
 444 12.35977 14.91821
 445 15.53640 14.46374
 446  6.46257 20.84769
 447  6.17506  7.86145
 448 13.38575 11.65453
 449  2.76938 20.06943
 450  7.58695  9.71357
 451 11.89427 10.01487
 452  7.96544 23.79424
 453 13.55122 12.16171
 454  9.11672  4.75794
 455 11.63129 17.09767
 456  7.82085 16.53396
 457  5.73610 23.23123
 458  4.69453 16.02957
 459 11.79006 14.01284
 460  8.35221 11.25941
 461  7.18074 13.10588
 462  8.68186 17.18778
 463 11.62636 11.56985
 464  7.01423 17.72218
 465 14.53100 16.58488
 466  9.32595 19.65712
 467  8.68622  5.19661
 468 10.72093 18.47070
 469 14.07826 15.48093
 470 13.62798 14.02395
 471  8.96200  7.49500
 472 10.40927  8.39506
 473 15.40931 15.00453
 474  6.24084 10.36207
 475  6.78163 13.97184
 476  8.43432 12.72892
 477  4.84499 13.42081
 478 18.58461 11.26492
 479 11.85701 12.89820
 480 11.08106 12.88952
 481  9.07474  9.63040
 482  5.95748 12.25773
 483 14.93485 13.80063
 484 11.23065 12.75239
 485 11.46211 15.17003
 486 10.89850 11.08019
 487  5.62055 15.40101
 488 11.48628 16.74195
 489 13.59299  7.00271
 490  9.08253 12.31196
 491 12.32709 12.91642
 492  6.11739 14.57843
 493 12.75964  9.03314
 494  7.54508 13.46460
 495  3.71585 13.34782
 496  8.87908 19.18833
 497  4.83559 15.31497
 498  7.85869 12.98026
 499  7.50567 10.98843
 500  7.11651  7.71613
 501 10.16015  5.18101
 502 12.98887 16.19167
 503  7.88999 11.40969
 504 10.98477  9.43417
 505 11.10389 11.23394
 506 10.52538 15.05886
 507 10.62289 17.07644
 508 11.63321 18.04423
 509 12.55720 14.52498
 510  4.21119  8.40469
 511  9.33235 18.85851
 512 13.38024 17.99868
 513  3.82917  9.65815
 514  6.05399  3.57887
 515 10.08549 16.97412
 516 14.92648  9.50085
 517 15.76942  6.48895
 518 16.32142 11.08824
 519 19.22287 16.60653
 520  8.21468 14.50210
 521 13.23647 13.46454
 522 13.13819 10.96046
 523 11.89794 12.00105
 524 13.71871  7.49775
 525  8.95691 11.07211
 526  9.37161  7.91869
 527  6.60917 16.52558
 528 10.88685 17.95951
 529  6.89223 14.62608
 530 12.14342  9.27859
 531  9.95538 10.66426
 532  6.17498 14.37124
 533 16.61700 12.74181
 534  9.06037 14.35635
 535 11.97819 13.31826
 536 10.79162  5.31941
 537 14.65568 10.12107
 538 10.47521 17.03932
 539  5.00993 15.91055
 540 15.67065  8.74794
 541 13.96718  9.63261
 542  3.76366 13.38719
 543 10.36927 19.57975
 544  8.57198 12.06741
 545 15.61968  6.21707
 546 10.88401  8.37694
 547 12.25044  8.38578
 548  6.65437 14.61274
 549 11.11404 12.10019
 550  6.10734  5.47615
 551  2.48039 14.13109
 552 12.92628 13.28081
 553 15.81887  8.82024
 554  4.09546 16.92394
 555 12.24801  4.43095
 556  4.25933 13.46995
 557  6.69231  3.02361
 558 13.53879 10.71794
 559  5.82219 17.51695
 560  5.82480 11.95802
 561 13.23908  3.89478
 562  8.92513 18.27513
 563  8.55659 13.80941
 564 13.54601 20.26793
 565  4.56155  6.76457
 566 12.36574  3.05823
 567  7.83360 12.28722
 568 14.15710 11.45664
 569 10.28565  6.49715
 570  5.39997  4.68948
 571  7.82838 17.47397
 572 10.83022 11.90036
 573  5.43617 11.86823
 574 14.55672 12.87928
 575 12.22181 11.15287
 576  4.78562 11.07227
 577  3.04710 10.70154
 578  4.06990 14.54449
 579 14.29465  9.40132
 580 13.34588 20.88777
 581  4.61281 12.59170
 582  7.87579 11.90010
 583  9.21944 17.00749
 584 11.91264  9.90246
 585  5.78958 10.76802
 586  8.70323 12.02523
 587 13.20114 16.19004
 588  8.21795 13.44707
 589 15.49024 18.07101
 590  7.97521 11.64962
 591 13.68255  8.70273
 592 14.26905 12.13545
 593 13.05076 15.11061
 594  7.13216 10.22169
 595  9.75341 15.19785
 596  4.99738 10.27524
 597  3.12169 13.56363
 598 13.83634 11.03879
 599 14.37206 10.65719
 600 11.57259 17.35839
 601 12.91770  8.22738
 602 10.61156 10.20521
 603  9.64639 12.40237
 604  9.92076 10.73041
 605 11.11101 10.80568
 606 18.31123  6.49586
 607  8.00349  7.33247
 608 13.99450 15.93341
 609 10.17804  5.11920
 610  7.82205 19.53862
 611 14.98953  6.79692
 612 11.14255 13.22730
 613 14.63456 15.47306
 614  2.90407  7.15929
 615  8.66754 10.65888
 616 11.51447 12.42663
 617 11.85718 12.76680
 618 15.85393 17.67718
 619  3.36538  8.70379
 620 11.73660 10.58283
 621 12.41608 11.35316
 622 11.90175  4.00737
 623 10.41897 11.27276
 624 12.12800 11.44000
 625  3.19298  8.88453
 626  4.64164  8.55787
 627 13.74538 16.07500
 628 10.63104 16.83423
 629 11.14746  9.91227
 630  5.26451 14.44050
 631 13.00665  8.28635
 632 11.15008 11.24930
 633  8.70175 21.18920
 634  8.87943 12.15593
 635 13.63649 12.98057
 636  9.42120 16.96654
 637  6.84598 12.60571
 638 12.59430 12.65328
 639 13.43809 11.84780
 640 12.40951 16.65322
 641 11.61621 21.38276
 642  7.59554 16.89091
 643 10.70585  8.11246
 644  8.81074 12.80879
 645  9.32545 13.26229
 646  7.74598  7.69587
 647 16.54514  7.68392
 648  2.06351 10.02261
 649  9.49068 11.69351
 650 11.13648 14.96528
 651  8.57261 16.01698
 652  8.56433 11.71065
 653  4.35910 13.59093
 654  4.44165 19.09739
 655  7.76431 18.18263
 656 10.02694 15.40721
 657  7.01176 14.16404
 658 13.84355 13.60479
 659  7.60881 16.34464
 660 12.59018  5.91026
 661  4.54459 13.78738
 662 11.89649 14.05283
 663  8.09334 12.05887
 664 13.89355 18.38118
 665  5.63421 17.58923
 666 15.09041 19.33343
 667  9.74306 13.02287
 668  5.76865 11.34274
 669  9.92402 15.81494
 670  6.27902 20.23207
 671  9.06116  7.92413
 672  4.31958 14.01677
 673 17.94917 13.07599
 674  8.67323 10.90587
 675 10.82647 16.48163
 676 12.58483  4.03475
 677 10.29269 13.82217
 678  7.34220  9.36524
 679  9.25380  9.11760
 680  8.46388 16.55758
 681  7.72237 20.92894
 682  7.42490  9.24199
 683  9.78361 19.89349
 684 11.36345 10.55509
 685  6.53897 13.01541
 686 15.70020  6.45291
 687  9.69597 17.83389
 688 11.90696 16.57869
 689  6.67673 10.44678
 690  7.14835 12.07427
 691  9.15686  5.86006
 692  9.54144 22.15373
 693  5.59158 17.89790
 694  8.60508  8.67322
 695  8.05491  6.50297
 696  9.56850 10.86761
 697 13.92396 12.20091
 698 15.56459 14.39211
 699  4.29428  7.05648
 700 13.72714  7.77794
 701  4.82383  8.81360
 702 17.02463 14.95604
 703  8.92429  6.03228
 704 13.81174  8.09066
 705  7.03037  7.18528
 706 13.92821 19.81915
 707 15.73888  7.05332
 708 11.76523 10.02170
 709  5.79520 18.51026
 710 11.73370  3.95107
 711 10.81573  8.08122
 712  8.71464 18.21336
 713 13.64923  9.85970
 714  9.25294 13.44064
 715  7.29460  4.97521
 716 10.11504 15.23289
 717 11.34869 17.34985
 718 11.96202 14.99198
 719  6.83060 11.22626
 720 13.53188 15.87342
 721  9.15592 18.46043
 722  5.63767 14.05370
 723 11.35025 10.93297
 724  6.00831 11.25228
 725 10.68064 13.53092
 726 11.19658 11.32559
 727  8.15640 15.58678
 728 13.27892 12.59612
 729  7.56010  7.02676
 730  8.65376 10.53023
 731  9.38200 10.60251
 732 10.42703 13.88136
 733 10.73176 13.19233
 734 10.56105 16.33685
 735  8.19602 18.67910
 736 12.90605 14.69147
 737 12.15547 13.15737
 738 10.63055 11.05418
 739  2.78740 15.11280
 740  9.39351 14.05462
 741  5.78176 14.09462
 742  3.87981 17.67059
 743  6.28035 13.24454
 744  9.95986  8.17407
 745  9.06079 17.37378
 746 10.90289 13.08706
 747 12.41060 16.72325
 748 15.87700 12.00837
 749  9.51662 12.94933
 750 12.18093 14.41232
 751  7.91488  4.38913
 752 10.03475 12.56544
 753  8.66288 17.35928
 754 14.18011 21.67687
 755  8.72673  7.12241
 756 10.80690 12.65069
 757 12.01987 13.79264
 758 10.21666 18.68693
 759 10.71111 12.40734
 760 17.72849  8.86207
 761  9.50732 13.89382
 762 10.10107  6.64787
 763  9.71977  9.11731
 764  2.96380 15.44224
 765 10.80607 15.10712
 766 13.91487  8.07247
 767 13.47263 10.71273
 768 15.02152  8.78327
 769 13.32132  7.79349
 770  9.05921 19.17512
 771  8.20100 15.09423
 772 12.54914  7.74170
 773 11.25899  5.82391
 774 11.60874  6.66660
 775  9.46702 12.19356
 776  8.85773 10.59071
 777  8.54341 17.37857
 778 14.51121 11.91807
 779  8.62139 16.04231
 780  6.14354  8.14391
 781 11.26575 15.96523
 782 14.69555 13.12455
 783 12.44412 18.68367
 784  4.68597  4.60475
 785 14.32449  8.77648
 786 10.95541 16.12426
 787  8.80064 18.90445
 788  6.48436 12.17553
 789  6.49926  4.98782
 790  7.91441 13.05689
 791  8.29851 14.59856
 792 16.10805 18.17505
 793  9.66475 22.37772
 794 13.67015 13.66683
 795  6.59421 16.39105
 796  4.31704  7.73466
 797  3.23239 11.36234
 798  3.91089  9.98114
 799  9.74192 14.45660
 800 17.41649  5.07159
 801  5.71373 18.54741
 802  6.84122  6.37089
 803 11.90346 13.04461
 804  9.27068 11.72572
 805 10.84986 15.98821
 806  9.96095 14.48297
 807  9.27732 15.93070
 808 14.76990 12.53713
 809  3.48806 12.35123
 810  6.31583 14.83256
 811 10.27698 14.67337
 812 15.00973  5.71448
 813 12.27494 11.00214
 814 12.76846  9.11967
 815  6.91567  4.02873
 816 11.83542  6.35764
 817 14.07601  6.00408
 818  7.15656 21.22921
 819  9.31465 17.60860
 820  7.08931 14.67246
 821 16.72514 13.53280
 822  7.19137 16.75504
 823  5.48389 12.25329
 824  9.96710 16.27918
 825  8.48368 15.40354
 826 14.67887  9.34473
 827  7.85516 11.59498
 828 12.24867 10.21338
 829 12.42646 13.53407
 830 12.98779  7.36727
 831 11.65358 12.52022
 832  7.44277  7.63389
 833  8.98731  8.84602
 834  1.36349  8.48222
 835  5.85203 14.15463
 836  7.54807 15.85351
 837  9.01953 18.11770
 838  7.62911  8.97548
 839 11.02764 12.57584
 840 12.55254 12.60570
 841 17.22411 15.00414
 842 13.60316 13.16309
 843 14.89883  9.46072
 844 10.34871 11.05945
 845  4.43292 14.36873
 846  9.70754 17.37515
 847 11.43090 14.58592
 848 13.49491 14.13985
 849  8.72336  5.59283
 850 14.07554  9.33595
 851 14.59733  5.10046
 852 13.11797 12.01163
 853 14.03307  4.18418
 854 15.05650 12.74775
 855  8.87482 11.79578
 856 17.31432 15.48413
 857 14.24505  9.83439
 858 16.29642 13.64114
 859  9.21378 10.49316
 860  9.59492 11.47297
 861 10.74345 12.12950
 862 14.31584 20.24761
 863 17.40273 17.50961
 864 11.50229 17.86425
 865 11.57741  8.10239
 866  6.30509 16.85091
 867  7.47800 15.07441
 868 13.34488 13.05675
 869  3.16999 13.28664
 870 13.50474  9.71815
 871  7.28668 21.27759
 872  9.59693 16.31659
 873 19.63673 15.79805
 874  4.16336 10.45736
 875  4.56958 14.95703
 876  9.79638 10.46518
 877 12.59528 11.45060
 878 13.85017 12.59759
 879 10.12051  9.90795
 880 12.87202  7.26574
 881  6.93589  9.93853
 882  7.32817 13.35434
 883  8.38886 16.97362
 884  9.64977  8.70458
 885  4.23876 10.27529
 886 15.09061 14.54086
 887  7.50189 16.53870
 888  4.99593  9.60750
 889  9.44319 18.84973
 890  9.35650  7.21327
 891 13.52005 11.39550
 892  4.35937 11.39710
 893 14.01269 17.25750
 894  3.86774  6.67603
 895 12.71752  9.47222
 896 13.38737 10.95877
 897 19.37076 16.66033
 898  4.91738 14.75734
 899  2.75198 18.69701
 900  6.12269 11.14622
 901 15.37519 16.34480
 902 18.75612 11.35807
 903 13.78384 13.41286
 904  8.40420  7.52369
 905 11.28143 10.76500
 906  5.09854 13.92288
 907  9.88210 19.74176
 908 12.64272  9.03774
 909  2.40612 12.90922
 910 14.65078 13.82231
 911 13.70109  9.45813
 912 16.19182 17.86365
 913 14.45152 11.38056
 914  8.74246 13.33920
 915 11.78873 24.47319
 916  9.65926  8.20076
 917 10.64393 10.39898
 918  7.73218 20.42332
 919 15.64683 12.11599
 920  4.74265 16.25900
 921  6.62788  6.63382
 922  5.67964 12.70818
 923 13.28506  8.77185
 924 12.82152 14.81527
 925  8.69406 13.90069
 926 10.10872 17.06877
 927  7.40458 16.33966
 928 16.23257 10.89241
 929 12.47602 17.23128
 930 11.25584 14.54362
 931 14.13440  9.54132
 932  3.55050 14.76223
 933 10.14802 16.91656
 934  8.90907  7.78604
 935  7.66566  9.12740
 936 11.72582  7.06569
 937 10.87381  8.25123
 938  8.63331 11.24576
 939 12.65629  9.25101
 940  5.82146  2.40427
 941  7.44472 11.52140
 942 10.75577 10.06597
 943 13.89682 10.43980
 944 10.20951 12.77109
 945 13.16846 10.97021
 946  6.35100 11.74139
 947 14.18378 14.95992
 948  8.80265 15.93792
 949  7.64338  5.24020
 950  5.73412  7.26545
 951  6.70597 11.92585
 952 16.62797 15.38651
 953 12.56234 18.83718
 954  6.74207  9.18077
 955  6.97909  5.92717
 956 11.90755 15.03932
 957 10.18807  6.47900
 958 12.17852  8.53763
 959 11.48618 13.06247
 960 16.39027  7.81209
 961 10.22320 18.30429
 962 11.12392 11.41936
 963  7.76721 12.72090
 964 11.55036 15.90849
 965 14.23066  8.26693
 966 13.72593 10.24378
 967 15.17180 16.10860
 968  9.73657  6.91436
 969  6.29950 15.72841
 970  7.33976 10.13298
 971  8.06975 13.28534
 972  8.11110 11.52771
 973 11.67395 12.87338
 974  9.26723 12.16606
 975  8.78823 12.46251
 976  8.40384  7.03980
 977  9.15741 10.21587
 978  5.99268 10.66988
 979 13.11688 12.15567
 980  9.97276 10.97715
 981 12.00696 16.29727
 982  9.66022 12.44458
 983  8.41420  9.93821
 984 12.34836 10.68166
 985 13.78448 12.75154
 986  4.12494 19.34630
 987 11.08246  6.25484
 988  3.58072  4.07515
 989  7.20018  7.36777
 990  4.99190 12.15869
 991 15.71140 13.89331
 992  9.83931 15.44190
 993  8.28010  6.74651
 994  8.17969 19.07142
 995 12.14199 13.13306
 996  7.49887  5.57606
 997 10.36067 18.60300
 998 12.07512  6.87061
 999  9.78314  5.25946
1000  7.26727 20.63903
