   5.37174988    
   4.88785076    
   1.46133995    
   3.57667065    
   3.32803059    
   10.0480404    
   1.52328014    
   8.99575996    
   7.76090956    
   2.47043991    
   3.71533012    
   3.21534920    
   11.4342709    
  0.215440750    
   5.20308971    
   7.64610958    
   1.69999027    
   8.97012901    
   1.21380043    
   9.48329926    
   2.62602997    
   2.01388931    
   1.19129944    
  0.216349602    
   5.71761036    
   1.81433010    
   2.57866001    
   3.78542995    
   2.26476026    
   2.37285995    
   7.11775017    
   12.8850002    
  0.124639511    
   3.66068077    
   2.95613956    
   10.9227810    
   4.15305996    
   3.07699013    
   4.52233028    
   6.58231068    
   15.6001205    
  0.928180695    
  0.739059925    
  0.710450172    
   5.44684029    
   1.98565006    
  0.399430275    
   13.9378395    
   5.42019033    
   8.51683044    
   4.89042997    
   1.91438007    
   2.45051956    
   3.43051052    
   3.28031921    
   11.5783501    
   6.22255993    
   7.67625046    
   11.9328499    
   6.58150959    
   2.16536045    
   7.94590998    
   7.19342947    
  0.997449875    
   4.03841019    
   11.7598104    
   3.35226011    
   8.85235977    
   14.7465706    
   9.63342857    
   2.69111919    
   8.01982021    
  0.286749840    
   5.79003048    
   8.63505936    
   4.14174938    
   14.2291203    
   7.24198055    
  0.922009468    
  0.165989876    
   2.08592987    
  0.378860474    
   3.45732021    
   4.42322016    
   4.20839977    
   5.54696083    
   7.03543997    
   2.41637993    
   8.12829018    
   5.18588972    
   4.54949951    
  0.930419922    
   5.65307999    
   11.4415398    
   5.19390965    
   11.6547699    
   3.14708996    
   3.47917938    
   1.00926971    
   13.6467896    
   5.85921001    
  0.679739952    
  0.130549908    
   5.25965023    
   1.37102985    
   7.83905029    
   2.85523033    
  0.145790100    
   3.75209045    
   6.50440025    
   14.6226196    
   4.93426991    
   1.24386978    
   6.74458885    
   4.06014919    
   2.95658970    
   7.98402977    
   1.46870995    
   7.21088028    
   7.26935005    
   4.48897934    
  0.708040237    
   3.54772997    
   11.6106195    
   3.12672997    
   8.73445034    
   5.68927002    
   3.82012033    
   2.67733002    
   12.8530807    
  0.301529884    
   6.79193020    
   9.58691978    
   7.11408997    
   2.03296947    
  0.272260666    
   4.58784962    
   3.62871981    
   5.55303955    
   5.65651989    
   8.43688011    
  0.781439781    
   2.52580023    
   6.73341036    
   1.13860989    
   3.98489952    
   6.11117935    
   9.02764893    
   13.6420193    
  0.555589676    
  0.860169888    
   6.22188997    
   2.70682049    
   8.90461063    
   5.94272995    
   1.56492996    
   1.99446011    
   1.25111961    
   3.93475008    
   5.26968002    
   1.10663033    
   5.49963951    
   11.0084896    
   5.87363052    
   2.12867928    
  0.217560768    
   2.66080856    
   4.43981028    
   1.46733999    
  0.366630077    
   2.68414068    
   4.01581001    
   1.49969006    
   4.71260929    
   4.26357079    
   3.33603001    
   2.70569038    
  0.850480080    
  0.466420174    
   6.91276979    
   1.61750984    
   4.89799976    
   4.02714062    
   4.51338005    
   1.13281965    
   2.68983078    
   1.19284058    
   12.4988003    
   6.07304001    
   6.15925980    
   3.93535995    
   4.86622047    
   7.08823013    
   1.39524078    
   9.57698059    
   8.14710999    
   3.06756020    
   6.21750069    
   4.04944038    
   6.12762976    
   6.05420017    
  0.293439865    
   3.17370987    
   3.13814068    
   5.39969015    
   4.74464035    
   1.94200993    
   1.24530029    
   15.8680401    
  0.101149559    
   11.8139591    
   4.09086037    
   3.59242916    
   3.81904984    
   6.11071968    
   1.47807026    
   9.80434036    
   5.77143002    
   7.86414957    
   4.29815006    
   1.66545963    
   5.74033022    
   7.78916931    
   4.90485954    
   2.89626026    
   1.64523983    
   10.9533501    
   3.71405983    
   3.27600002    
   2.84228039    
   1.45300961    
   9.19062996    
   5.83859015    
   8.04041100    
   2.51651001    
   6.32472038    
  0.407569885    
   6.04680061    
   9.33074951E-03
  0.678899765    
  0.223819733    
  0.976989746    
   9.46170044    
   10.9892197    
   7.00845957    
   6.52595997    
   3.01610947    
   3.12775993    
   2.84603024    
   4.91530037    
   9.63548946    
   10.1453400    
   11.4861898    
   11.1066914    
  0.746540070    
  0.485500336    
   2.25379086    
   1.42739964    
   3.86260986    
   2.41411972    
   5.87781048    
   3.42068958    
   10.8925791    
   4.85516977    
   1.80578947    
   11.0379801    
   5.47911072    
   2.08887005    
   1.54335976    
   1.96882915    
   3.49151134    
   2.39374065    
   2.21492004    
  0.765609741    
   3.87699986    
   12.0779190    
   3.75465965    
   11.1760502    
   5.43010998    
   3.24562931    
   3.13741970    
   6.98509979    
   6.51685047    
   4.76357937    
   5.03118038    
   5.20185041    
   3.41491985    
   11.7929497    
   1.06056976    
   2.39113998    
   7.60375977    
   5.21817970    
   5.85558987    
   4.48850965    
   11.8570709    
  0.965340614    
  0.497419357    
   1.68645954    
   5.13425922    
   3.31588984    
   3.42302322E-02
   6.14969015    
   6.24101973    
   9.94431019    
   4.42245960    
  0.790140152    
   2.59774017    
   3.52318001    
   10.4443207    
   8.36277008    
   5.61964989    
   3.43220997    
   10.5686808    
   7.00953007    
  0.112610817    
   1.73363018    
   3.22463989    
   1.94281960    
   2.62782001    
   5.10621977    
   3.08423996    
  0.404580116    
   2.77898979    
   3.45101023    
   1.04986000    
   6.02473974    
   2.08605003    
  0.838489532    
   10.8272600    
   3.56994009    
   13.0131989    
   6.44241905    
   2.77493000    
   5.29113960    
   3.33329010    
   4.87699509E-02
   2.03398991    
  0.932459831    
   3.75222874    
   5.44948006    
   2.52104950    
   1.59687996    
   4.72224998    
   9.29430962    
   6.36999989    
   6.91604614E-02
   7.85624027    
  0.479619980    
   3.64261055    
   5.56133032    
   3.48701954    
   1.80924034    
   5.61311054    
   14.7914200    
   6.06383038    
   2.32908058    
   6.14048052    
   5.45107985    
   6.15600014    
   6.05148983    
   4.43663025    
   10.2440004    
  0.680419922    
   2.96741962    
   3.85170937    
   7.23994017    
   7.01945972    
   5.00462055    
  0.330140114    
   1.84222031    
   3.96341991    
   1.66750050    
   4.52344942    
   7.12643051    
   2.29837942    
   6.01054001    
   5.78329992    
   3.92752934    
   6.27460957    
   5.29631996    
   2.55924988    
   1.70644999    
  0.422289848    
   12.0174313    
   7.05803967    
   10.1441097    
  0.656780243    
   14.4075003    
   9.58588982    
  0.753560066    
   1.29154015    
   1.55023003    
   2.02976990    
   2.35077000    
   5.76448011    
   2.76875019    
   1.24103069    
   8.49356937    
   7.29500008    
   5.01060057    
   2.59364033    
   2.18422031    
   4.54223967    
   5.53419971    
   10.6741390    
   3.08234978    
   7.61272049    
   2.27510071    
   3.00494003    
   4.35631943    
   3.25644970    
   1.59577036    
   2.51937008    
   4.68360996    
   2.02023029    
   5.04902077    
   7.34195995    
   5.09686947    
   3.63500977    
   7.58432961    
   1.09113026    
   2.12278080    
   13.7241898    
   3.78767014    
   1.91668034    
   15.1051006    
   1.94279003    
   2.86307049    
   6.70776033    
   5.47613001    
   6.56686020    
   5.53543997    
   7.14387035    
   4.60914040    
   6.57458973    
  0.555990219    
   4.30264950    
  0.859090328    
   1.98175907    
   3.71387959    
   2.72789001    
   2.12747002    
   5.13638973    
   2.55844021    
   1.07265949    
   14.3851204    
   1.68639040    
   1.73122025    
   17.3000488    
   2.12661982    
   1.87940025    
   15.8288012    
   1.38951015    
   4.35878038    
   5.46637917    
   8.71310997    
   17.4951286    
   11.3350391    
   2.22278023    
   2.90719986    
   5.92513990    
   8.50592041    
   5.65099716E-02
   10.7079496    
   2.05388069    
   10.3311701    
   3.48961020    
   7.74976921    
   1.40266991    
  0.395969391    
   1.46700001    
   2.01421070    
  0.404780388    
   4.12123013    
   7.19020987    
   4.29459953    
   8.57581997    
   7.31968975    
   1.04119015    
   1.80845928    
  0.555659294    
   6.30024958    
   1.13422012    
   1.52173996    
   3.70792007    
  0.181689262    
   9.78045940    
   5.25566864    
   6.59028006    
   3.22943020    
  0.589329720    
   8.46104050    
   3.72649956    
   5.91951942    
   9.63197041    
   10.3092499    
   10.4793797    
   5.12157011    
   3.48275995    
  0.599619865    
   4.97913980    
   3.20279980    
   3.51970005    
   1.55060005    
  0.130049706    
   4.53347969    
   6.45355034    
   6.41101933    
   1.96777916    
   4.19349957    
   9.52615929    
   4.61843967    
   5.82897949    
   2.47511983    
   6.88862896    
   5.42563057    
   9.28046989    
   5.23318100    
   2.61634064    
   6.28742027    
  0.228069305    
   2.17773056    
  0.103110313    
   6.22096014    
   2.11520004    
   1.45291948    
   9.91640949    
   7.07266045    
   7.73384953    
   2.86483002    
  0.708879471    
   8.19625950    
   3.87519073    
   5.29597950    
   1.34006977    
   5.47221041    
   4.53460979    
   6.56410980    
   10.9006195    
   6.92270947    
   4.33456993    
   9.62352943    
   9.21047974    
   3.49542999    
   9.40261078    
   2.50707054    
   3.86465931    
   7.95836973    
  0.986149788    
  0.631189823    
   11.6506996    
  0.354530334    
   6.99862957    
   12.8284807    
   7.81705952    
   9.21061993    
   3.66869974    
   2.82084942    
   11.6947613    
   6.13322020    
   9.34430027    
   9.34999943    
   5.25282001    
   6.72191906    
   2.20302010    
   9.30751038    
   4.45361996    
   2.70045948    
   3.78850031    
  0.710490227    
   9.64558983    
   1.07013988    
   6.43205976    
   1.67743969    
   1.06894016    
   6.28665018    
   7.65443993    
   10.4745903    
   4.89332962    
   7.54189014    
   7.97888947    
   4.02430964    
   7.78804970    
   2.01017952    
   4.97843981    
   3.32200050    
   2.98890018    
   5.22912025    
   2.58077049    
   3.67440987    
   4.97982025    
   2.13359928    
   2.05984974    
   3.08952999    
   5.44443989    
   5.27786016    
   10.4419403    
   2.79755020    
   3.71486950    
   5.78580093    
   4.69032001    
  0.406350136    
   2.75598049    
  0.809649467    
  0.305329323    
   11.8153696    
  0.671020508    
   1.93890953    
   5.05883932    
   11.7165699    
   8.19260979    
   2.08474922    
  0.838500023    
   4.25521994    
   1.99134064    
  0.912159920    
  0.909620285    
   1.82324886    
   5.33840942    
   1.15376949    
   1.06292057    
   7.89437962    
  0.853790283    
  0.688000679    
   5.69155025    
   3.91622972    
   2.32962036    
   6.20319080    
   1.23519039    
   9.17599010    
   4.72029972    
   9.92202759E-02
   12.4874496    
   3.27649975    
  0.655920029    
   7.54533958    
   5.75972986    
   5.89799881E-02
   1.59029007    
   4.24370956    
   9.76654911    
   9.29536915    
   2.59338951    
   3.99804974    
   3.93684006    
   5.01098633E-02
   8.86121941    
   7.95909977    
   2.20283031    
   3.82879925    
   7.44436932    
   3.14632034    
   9.23183060    
   14.6557388    
   10.4183207    
   5.38027000    
   7.15227938    
  0.238759995    
   8.73583031    
   6.67992020    
   9.24279022    
   2.15633965    
   3.96553040    
   4.48762989    
   11.9550190    
   4.24301910    
   3.27980995    
   5.57409000    
   5.89092064    
   13.9530506    
   1.13703012    
   9.69719028    
   4.87317944    
   2.23264027    
   5.65515995    
   8.55008030    
   3.52947998    
   2.02304029    
  0.136199951    
   8.09370136    
   13.2065697    
   1.81709003    
   10.1098795    
  0.808360100    
   6.47644043    
   9.24728966    
   8.13792133    
   4.67173004    
   3.77005005    
   4.92592049    
   3.29680014    
   12.6122904    
   12.3063202    
   6.81400299E-02
   1.55193949    
   1.29911041    
   1.72305012    
   1.17248058    
   2.76219988    
   5.94920063    
   3.98976946    
   2.06858921    
   2.89200974    
   5.72107983    
  0.154909611    
   5.89094067    
   8.68556023    
   1.74353027    
   12.7150593    
   7.78262997    
   2.73451042    
   9.49872017    
   3.78952980    
   4.18770027    
   2.31938982    
   5.11785030    
   6.00115967    
   3.02995968    
   4.39566040    
   2.34153938    
   9.30451012    
   8.41603088    
  0.417280197    
   5.24397039    
   2.85027981    
  0.129010201    
   7.43037987    
  0.682800293    
  0.533339977    
   1.87646961    
   1.22051048    
   3.45433044    
   2.46057034    
   5.77579880    
   10.4830799    
   1.78542042    
   1.00189972    
  0.423629761    
   12.3253994    
   4.66110992    
   8.31285954    
   13.7907791    
   6.96419001    
   1.78578949    
   8.31298923    
   2.18416977    
   4.31264973    
   3.86862946    
   3.43271065    
   2.23139000    
   3.52574968    
   2.53069019    
   8.69639969    
   7.49676037    
   1.60432053    
   1.84379005    
   1.77276993    
   8.47027016    
   1.69622993    
   8.86642075    
   4.38649940    
   3.45320034    
  0.602460861    
   12.4784393    
   4.30104923    
   5.84240055    
   2.75989914    
   6.23824978    
   5.52782965    
   10.1159096    
   6.89322948    
   4.80743980    
   5.43508005    
   4.94213963    
   2.72653961    
   1.73297977    
   8.83516026    
   2.59314060    
   7.42092037    
   2.00037050    
   4.69948006    
   1.57100010    
   6.23954964    
   8.12196732E-02
   5.54800987    
   5.16884995    
   10.1038094    
   5.69117022    
   1.51143980    
   5.14247942    
   6.30005074    
   2.06700134    
   12.7129698    
   3.31974030E-03
   9.79684067    
   3.41762018    
   8.12994957    
   6.07025003    
   4.71467972    
   12.3449001    
   12.8336792    
  0.470329762    
   1.14115047    
   2.45503998    
   5.13834953    
   4.52202034    
   6.65338039    
   2.23276997    
   8.86316967    
   8.51672935    
   4.39638996    
   9.29524994    
   1.27279949    
   3.64879036    
   2.88694000    
   5.47777987    
   8.07192993    
   14.0726500    
   8.29395103    
   7.58314943    
   3.19233990    
   9.56366920    
   6.76940012    
   6.31208038    
   6.91985989    
   5.33413982    
   3.73982000    
   2.03528976    
   1.10760975    
   5.62052011    
  0.866640091    
  0.191120148    
  0.141290665    
   7.11872959    
   8.30259991    
   8.30543995    
   9.09817028    
   1.34637022    
   1.54819965    
   5.31597137E-02
   2.21996975    
  0.440070152    
   5.43811035    
  0.710740089    
   9.93581009    
   7.66761112    
   3.15502071    
  0.644939423    
   3.13052988    
   4.73958969    
   9.49687004    
   1.10634041    
   9.84889030    
   2.30875015    
   2.92096043    
   1.83018970    
   4.41066074    
   2.65527916    
   1.27937984    
   1.87804985    
   1.38605022    
   5.93177032    
  0.106878281    
   6.36196041    
   3.47501945    
   10.5458202    
   7.59641027    
  0.288129807    
   10.1166496    
   3.78658962    
   13.9909096    
   6.71965981    
   3.83868027    
   6.29400015    
   10.3874502    
  0.668800354    
   1.14468002    
   1.25257969    
  0.212559700    
   5.60627985    
   3.00263977    
   6.02616978    
   8.58475971    
  0.945189476    
   6.03652954    
  0.549749374    
   9.03680992    
   4.61156988    
   9.40653992    
   2.14322948    
   2.12454987    
   7.03773022    
   3.24481010    
   2.80829024    
   3.24529934    
   2.42860031    
   2.71043015    
   9.83996010    
   15.9450302    
   5.02353001    
  0.969611168    
   7.39805031    
  0.370980263    
  0.880509377    
  0.516429901    
   8.82434082    
   9.85966015    
   3.60498047    
   10.5030994    
  0.828469276    
   4.24295998    
   1.67182922    
   3.07096004    
   4.59673977    
   12.6844606    
   1.45849991    
  0.244950294    
   12.6911411    
   3.53083992    
   11.5163507    
   5.93996048E-03
   7.02854061    
   4.51321030    
   1.99375057    
   5.20662975    
   6.96004963    
   8.93508053    
   5.34016037    
   4.75525951    
   3.28777981    
   4.59308052    
   11.2117300    
   6.76853943    
   1.12303019    
   1.46174049    
   4.66012955    
   2.62257957    
   2.61244965    
   3.40528011    
   3.41718984    
   4.07668066    
  0.689799309    
   3.45701981    
   2.56157970    
   2.19824982    
   5.39039040    
  0.776140213    
   7.13526917    
   2.40318012    
   1.53133011    
   5.21988010    
   1.24145985    
   6.27483940    
   2.43869972    
   1.05192041    
   3.13177013    
   3.70907021    
   3.64089012    
   1.57629013    
   8.57818031    
   8.08109093    
  0.295439720    
   4.95368958    
   4.35813046    
   5.96373081    
   3.48215008    
  0.936800957    
   2.82221031    
   9.42890930    
   2.79322052    
   5.21559048    
   3.41660976    
   1.19942951    
   2.89883041    
   3.67428017    
   1.36403990    
   1.05846024    
   4.67719984    
  0.961210251    
   1.00438976    
   4.29030991    
   2.78435993    
   1.52400970    
   1.66670036    
   1.03293991    
   15.2213602    
   4.82762051    
  0.494430065    
  0.167590141    
   7.16679049    
   1.81809044    
   5.60259056    
   1.53358984    
   10.8917303    
  0.991070747    
   1.92281008    
   8.24233055    
   5.20450974    
   4.52368021    
   13.3717604    
